6.329742 47.387653 0.827325 41.535279 3.833797 0.125000 1.026201 
6.571018 102.033737 4.776060 84.461718 3.222488 0.125000 1.528757 
78.525537 29.872011 70.074706 15.428331 9.446043 0.125000 22.668434 
20.565490 54.009900 34.356579 51.761986 2.266344 0.125000 4.346236 
89.924219 36.719306 85.719253 55.645940 3.660188 0.125000 9.688200 
35.893375 76.119907 46.670519 79.950323 5.889093 0.125000 2.896543 
-0.838372 35.001166 8.882606 12.197967 4.091019 0.125000 25.799064 
70.144423 15.190818 65.856459 11.598704 5.793659 0.125000 1.193782 
7.058064 84.517168 9.392855 102.039182 3.056738 0.125000 4.758381 
46.280997 79.426121 52.284539 76.451576 5.590133 0.125000 0.855298 
79.054282 60.628919 78.932099 50.630412 2.560909 0.125000 4.752452 
12.927188 40.569513 9.962032 51.140296 6.017736 0.125000 11.860022 
66.733542 96.779065 70.818271 90.756075 3.805191 0.125000 1.026201 
56.727364 16.028668 20.701427 22.313123 10.752928 0.125000 100.262575 
49.282500 49.315265 75.664594 51.365515 6.134362 0.125000 8.273155 
76.270365 50.738642 77.483132 30.511568 9.757636 0.125000 55.388075 
75.629896 94.374154 78.427250 110.572804 2.888965 0.125000 4.250471 
62.142795 110.755888 69.013585 96.698354 2.246073 0.125000 3.655660 
72.173240 95.725300 68.142553 107.710522 4.351285 0.125000 7.652717 
67.078737 4.110596 79.230891 17.010753 5.300939 0.125000 20.079175 
73.850230 110.647744 73.657626 95.618174 3.813762 0.125000 4.018238 
23.524696 88.480738 19.478294 78.808827 3.459447 0.125000 2.204921 
48.855843 74.423344 49.406132 51.875760 5.303492 0.125000 33.134876 
82.813415 70.583084 84.322155 59.367891 2.977651 0.125000 2.831176 
25.420824 45.294436 36.406658 47.734019 4.881096 0.125000 10.539185 
43.512142 51.772026 42.153314 63.158214 4.316074 0.125000 0.478123 
66.767128 81.798565 60.550446 90.572173 2.890719 0.125000 2.695978 
5.847141 65.665108 7.674582 55.543676 2.904418 0.125000 3.486290 
76.134251 15.366016 82.469241 27.822794 2.833159 0.125000 6.072131 
9.579536 12.232242 16.844938 8.072494 3.411734 0.125000 4.431527 
28.446948 99.026373 33.637655 103.819863 4.521335 0.125000 1.193782 
36.878375 60.833956 23.120415 60.789352 3.782401 0.125000 2.643689 
67.782082 66.461445 55.325827 61.354743 4.418056 0.125000 6.077147 
53.083946 68.171580 66.402939 79.910596 4.959065 0.125000 7.061848 
50.672661 1.596801 67.499533 4.479569 7.603375 0.125000 21.801637 
2.581451 93.302048 7.726488 109.097648 1.989939 0.125000 2.010426 
51.092124 92.953075 36.930729 94.801871 6.035593 0.125000 1.860373 
34.370012 103.142708 53.127368 103.179871 7.519798 0.125000 26.786091 
19.582896 77.254621 34.808458 68.916503 6.082215 0.125000 15.323557 
14.285966 13.074612 8.180047 23.863579 3.120129 0.125000 2.430137 
8.528297 74.958212 13.305134 86.802350 6.974787 0.125000 10.717273 
75.906103 70.566240 76.359281 63.093724 2.798089 0.125000 1.140092 
54.522986 108.264126 65.452828 96.638304 2.732170 0.125000 6.985010 
23.061212 5.117837 34.380596 5.340493 7.621465 0.125000 9.258098 
60.581144 88.041035 51.141843 92.971334 5.060036 0.125000 0.818888 
12.108117 51.850081 11.586197 73.148554 4.998499 0.125000 14.896968 
72.965696 88.051268 75.312672 82.980443 3.403162 0.125000 1.140092 
24.858570 111.962856 7.416700 85.674288 5.588385 0.125000 32.120365 
83.348437 50.651674 84.707709 39.265495 2.926889 0.125000 4.378705 
16.826573 93.174373 23.136441 99.363336 5.337251 0.125000 2.759372 
63.778557 103.882875 55.051108 111.409026 2.579288 0.125000 3.486290 
